#pragma once
namespace constants
{
    double masterczulki = 90.99;
    double coefficients[8][8] = {
    {0.125, 0.17677669529, 0.17677669529, 0.17677669529, 0.17677669529, 0.17677669529, 0.17677669529, 0.17677669529},
    {0.17677669529, 0.25, 0.25, 0.25, 0.25, 0.25, 0.25, 0.25},
    {0.17677669529, 0.25, 0.25, 0.25, 0.25, 0.25, 0.25, 0.25},
    {0.17677669529, 0.25, 0.25, 0.25, 0.25, 0.25, 0.25, 0.25},
    {0.17677669529, 0.25, 0.25, 0.25, 0.25, 0.25, 0.25, 0.25},
    {0.17677669529, 0.25, 0.25, 0.25, 0.25, 0.25, 0.25, 0.25},
    {0.17677669529, 0.25, 0.25, 0.25, 0.25, 0.25, 0.25, 0.25},
    {0.17677669529, 0.25, 0.25, 0.25, 0.25, 0.25, 0.25, 0.25} };

    double cosines[8][8][8][8] = {
{
{
{1, 1, 1, 1, 1, 1, 1, 1},{1, 1, 1, 1, 1, 1, 1, 1},{1, 1, 1, 1, 1, 1, 1, 1},{1, 1, 1, 1, 1, 1, 1, 1},{1, 1, 1, 1, 1, 1, 1, 1},{1, 1, 1, 1, 1, 1, 1, 1},{1, 1, 1, 1, 1, 1, 1, 1},{1, 1, 1, 1, 1, 1, 1, 1}},
{
{0.980785, 0.83147, 0.55557, 0.19509, -0.19509, -0.55557, -0.83147, -0.980785},{0.980785, 0.83147, 0.55557, 0.19509, -0.19509, -0.55557, -0.83147, -0.980785},{0.980785, 0.83147, 0.55557, 0.19509, -0.19509, -0.55557, -0.83147, -0.980785},{0.980785, 0.83147, 0.55557, 0.19509, -0.19509, -0.55557, -0.83147, -0.980785},{0.980785, 0.83147, 0.55557, 0.19509, -0.19509, -0.55557, -0.83147, -0.980785},{0.980785, 0.83147, 0.55557, 0.19509, -0.19509, -0.55557, -0.83147, -0.980785},{0.980785, 0.83147, 0.55557, 0.19509, -0.19509, -0.55557, -0.83147, -0.980785},{0.980785, 0.83147, 0.55557, 0.19509, -0.19509, -0.55557, -0.83147, -0.980785}},
{
{0.92388, 0.382683, -0.382683, -0.92388, -0.92388, -0.382683, 0.382683, 0.92388},{0.92388, 0.382683, -0.382683, -0.92388, -0.92388, -0.382683, 0.382683, 0.92388},{0.92388, 0.382683, -0.382683, -0.92388, -0.92388, -0.382683, 0.382683, 0.92388},{0.92388, 0.382683, -0.382683, -0.92388, -0.92388, -0.382683, 0.382683, 0.92388},{0.92388, 0.382683, -0.382683, -0.92388, -0.92388, -0.382683, 0.382683, 0.92388},{0.92388, 0.382683, -0.382683, -0.92388, -0.92388, -0.382683, 0.382683, 0.92388},{0.92388, 0.382683, -0.382683, -0.92388, -0.92388, -0.382683, 0.382683, 0.92388},{0.92388, 0.382683, -0.382683, -0.92388, -0.92388, -0.382683, 0.382683, 0.92388}},
{
{0.83147, -0.19509, -0.980785, -0.55557, 0.55557, 0.980785, 0.19509, -0.83147},{0.83147, -0.19509, -0.980785, -0.55557, 0.55557, 0.980785, 0.19509, -0.83147},{0.83147, -0.19509, -0.980785, -0.55557, 0.55557, 0.980785, 0.19509, -0.83147},{0.83147, -0.19509, -0.980785, -0.55557, 0.55557, 0.980785, 0.19509, -0.83147},{0.83147, -0.19509, -0.980785, -0.55557, 0.55557, 0.980785, 0.19509, -0.83147},{0.83147, -0.19509, -0.980785, -0.55557, 0.55557, 0.980785, 0.19509, -0.83147},{0.83147, -0.19509, -0.980785, -0.55557, 0.55557, 0.980785, 0.19509, -0.83147},{0.83147, -0.19509, -0.980785, -0.55557, 0.55557, 0.980785, 0.19509, -0.83147}},
{
{0.707107, -0.707107, -0.707107, 0.707107, 0.707107, -0.707107, -0.707107, 0.707107},{0.707107, -0.707107, -0.707107, 0.707107, 0.707107, -0.707107, -0.707107, 0.707107},{0.707107, -0.707107, -0.707107, 0.707107, 0.707107, -0.707107, -0.707107, 0.707107},{0.707107, -0.707107, -0.707107, 0.707107, 0.707107, -0.707107, -0.707107, 0.707107},{0.707107, -0.707107, -0.707107, 0.707107, 0.707107, -0.707107, -0.707107, 0.707107},{0.707107, -0.707107, -0.707107, 0.707107, 0.707107, -0.707107, -0.707107, 0.707107},{0.707107, -0.707107, -0.707107, 0.707107, 0.707107, -0.707107, -0.707107, 0.707107},{0.707107, -0.707107, -0.707107, 0.707107, 0.707107, -0.707107, -0.707107, 0.707107}},
{
{0.55557, -0.980785, 0.19509, 0.83147, -0.83147, -0.19509, 0.980785, -0.55557},{0.55557, -0.980785, 0.19509, 0.83147, -0.83147, -0.19509, 0.980785, -0.55557},{0.55557, -0.980785, 0.19509, 0.83147, -0.83147, -0.19509, 0.980785, -0.55557},{0.55557, -0.980785, 0.19509, 0.83147, -0.83147, -0.19509, 0.980785, -0.55557},{0.55557, -0.980785, 0.19509, 0.83147, -0.83147, -0.19509, 0.980785, -0.55557},{0.55557, -0.980785, 0.19509, 0.83147, -0.83147, -0.19509, 0.980785, -0.55557},{0.55557, -0.980785, 0.19509, 0.83147, -0.83147, -0.19509, 0.980785, -0.55557},{0.55557, -0.980785, 0.19509, 0.83147, -0.83147, -0.19509, 0.980785, -0.55557}},
{
{0.382683, -0.92388, 0.92388, -0.382683, -0.382683, 0.92388, -0.92388, 0.382683},{0.382683, -0.92388, 0.92388, -0.382683, -0.382683, 0.92388, -0.92388, 0.382683},{0.382683, -0.92388, 0.92388, -0.382683, -0.382683, 0.92388, -0.92388, 0.382683},{0.382683, -0.92388, 0.92388, -0.382683, -0.382683, 0.92388, -0.92388, 0.382683},{0.382683, -0.92388, 0.92388, -0.382683, -0.382683, 0.92388, -0.92388, 0.382683},{0.382683, -0.92388, 0.92388, -0.382683, -0.382683, 0.92388, -0.92388, 0.382683},{0.382683, -0.92388, 0.92388, -0.382683, -0.382683, 0.92388, -0.92388, 0.382683},{0.382683, -0.92388, 0.92388, -0.382683, -0.382683, 0.92388, -0.92388, 0.382683}},
{
{0.19509, -0.55557, 0.83147, -0.980785, 0.980785, -0.83147, 0.55557, -0.19509},{0.19509, -0.55557, 0.83147, -0.980785, 0.980785, -0.83147, 0.55557, -0.19509},{0.19509, -0.55557, 0.83147, -0.980785, 0.980785, -0.83147, 0.55557, -0.19509},{0.19509, -0.55557, 0.83147, -0.980785, 0.980785, -0.83147, 0.55557, -0.19509},{0.19509, -0.55557, 0.83147, -0.980785, 0.980785, -0.83147, 0.55557, -0.19509},{0.19509, -0.55557, 0.83147, -0.980785, 0.980785, -0.83147, 0.55557, -0.19509},{0.19509, -0.55557, 0.83147, -0.980785, 0.980785, -0.83147, 0.55557, -0.19509},{0.19509, -0.55557, 0.83147, -0.980785, 0.980785, -0.83147, 0.55557, -0.19509}}
},
{
{
{0.980785, 0.980785, 0.980785, 0.980785, 0.980785, 0.980785, 0.980785, 0.980785},{0.83147, 0.83147, 0.83147, 0.83147, 0.83147, 0.83147, 0.83147, 0.83147},{0.55557, 0.55557, 0.55557, 0.55557, 0.55557, 0.55557, 0.55557, 0.55557},{0.19509, 0.19509, 0.19509, 0.19509, 0.19509, 0.19509, 0.19509, 0.19509},{-0.19509, -0.19509, -0.19509, -0.19509, -0.19509, -0.19509, -0.19509, -0.19509},{-0.55557, -0.55557, -0.55557, -0.55557, -0.55557, -0.55557, -0.55557, -0.55557},{-0.83147, -0.83147, -0.83147, -0.83147, -0.83147, -0.83147, -0.83147, -0.83147},{-0.980785, -0.980785, -0.980785, -0.980785, -0.980785, -0.980785, -0.980785, -0.980785}},
{
{0.96194, 0.815493, 0.544895, 0.191342, -0.191342, -0.544895, -0.815493, -0.96194},{0.815493, 0.691342, 0.46194, 0.162212, -0.162212, -0.46194, -0.691342, -0.815493},{0.544895, 0.46194, 0.308658, 0.108386, -0.108386, -0.308658, -0.46194, -0.544895},{0.191342, 0.162212, 0.108386, 0.0380602, -0.0380602, -0.108386, -0.162212, -0.191342},{-0.191342, -0.162212, -0.108386, -0.0380602, 0.0380602, 0.108386, 0.162212, 0.191342},{-0.544895, -0.46194, -0.308658, -0.108386, 0.108386, 0.308658, 0.46194, 0.544895},{-0.815493, -0.691342, -0.46194, -0.162212, 0.162212, 0.46194, 0.691342, 0.815493},{-0.96194, -0.815493, -0.544895, -0.191342, 0.191342, 0.544895, 0.815493, 0.96194}},
{
{0.906127, 0.37533, -0.37533, -0.906127, -0.906127, -0.37533, 0.37533, 0.906127},{0.768178, 0.31819, -0.31819, -0.768178, -0.768178, -0.31819, 0.31819, 0.768178},{0.51328, 0.212608, -0.212608, -0.51328, -0.51328, -0.212608, 0.212608, 0.51328},{0.18024, 0.0746578, -0.0746578, -0.18024, -0.18024, -0.0746578, 0.0746578, 0.18024},{-0.18024, -0.0746578, 0.0746578, 0.18024, 0.18024, 0.0746578, -0.0746578, -0.18024},{-0.51328, -0.212608, 0.212608, 0.51328, 0.51328, 0.212608, -0.212608, -0.51328},{-0.768178, -0.31819, 0.31819, 0.768178, 0.768178, 0.31819, -0.31819, -0.768178},{-0.906127, -0.37533, 0.37533, 0.906127, 0.906127, 0.37533, -0.37533, -0.906127}},
{
{0.815493, -0.191342, -0.96194, -0.544895, 0.544895, 0.96194, 0.191342, -0.815493},{0.691342, -0.162212, -0.815493, -0.46194, 0.46194, 0.815493, 0.162212, -0.691342},{0.46194, -0.108386, -0.544895, -0.308658, 0.308658, 0.544895, 0.108386, -0.46194},{0.162212, -0.0380602, -0.191342, -0.108386, 0.108386, 0.191342, 0.0380602, -0.162212},{-0.162212, 0.0380602, 0.191342, 0.108386, -0.108386, -0.191342, -0.0380602, 0.162212},{-0.46194, 0.108386, 0.544895, 0.308658, -0.308658, -0.544895, -0.108386, 0.46194},{-0.691342, 0.162212, 0.815493, 0.46194, -0.46194, -0.815493, -0.162212, 0.691342},{-0.815493, 0.191342, 0.96194, 0.544895, -0.544895, -0.96194, -0.191342, 0.815493}},
{
{0.69352, -0.69352, -0.69352, 0.69352, 0.69352, -0.69352, -0.69352, 0.69352},{0.587938, -0.587938, -0.587938, 0.587938, 0.587938, -0.587938, -0.587938, 0.587938},{0.392847, -0.392847, -0.392847, 0.392847, 0.392847, -0.392847, -0.392847, 0.392847},{0.13795, -0.13795, -0.13795, 0.13795, 0.13795, -0.13795, -0.13795, 0.13795},{-0.13795, 0.13795, 0.13795, -0.13795, -0.13795, 0.13795, 0.13795, -0.13795},{-0.392847, 0.392847, 0.392847, -0.392847, -0.392847, 0.392847, 0.392847, -0.392847},{-0.587938, 0.587938, 0.587938, -0.587938, -0.587938, 0.587938, 0.587938, -0.587938},{-0.69352, 0.69352, 0.69352, -0.69352, -0.69352, 0.69352, 0.69352, -0.69352}},
{
{0.544895, -0.96194, 0.191342, 0.815493, -0.815493, -0.191342, 0.96194, -0.544895},{0.46194, -0.815493, 0.162212, 0.691342, -0.691342, -0.162212, 0.815493, -0.46194},{0.308658, -0.544895, 0.108386, 0.46194, -0.46194, -0.108386, 0.544895, -0.308658},{0.108386, -0.191342, 0.0380602, 0.162212, -0.162212, -0.0380602, 0.191342, -0.108386},{-0.108386, 0.191342, -0.0380602, -0.162212, 0.162212, 0.0380602, -0.191342, 0.108386},{-0.308658, 0.544895, -0.108386, -0.46194, 0.46194, 0.108386, -0.544895, 0.308658},{-0.46194, 0.815493, -0.162212, -0.691342, 0.691342, 0.162212, -0.815493, 0.46194},{-0.544895, 0.96194, -0.191342, -0.815493, 0.815493, 0.191342, -0.96194, 0.544895}},
{
{0.37533, -0.906127, 0.906127, -0.37533, -0.37533, 0.906127, -0.906127, 0.37533},{0.31819, -0.768178, 0.768178, -0.31819, -0.31819, 0.768178, -0.768178, 0.31819},{0.212608, -0.51328, 0.51328, -0.212608, -0.212608, 0.51328, -0.51328, 0.212608},{0.0746578, -0.18024, 0.18024, -0.0746578, -0.0746578, 0.18024, -0.18024, 0.0746578},{-0.0746578, 0.18024, -0.18024, 0.0746578, 0.0746578, -0.18024, 0.18024, -0.0746578},{-0.212608, 0.51328, -0.51328, 0.212608, 0.212608, -0.51328, 0.51328, -0.212608},{-0.31819, 0.768178, -0.768178, 0.31819, 0.31819, -0.768178, 0.768178, -0.31819},{-0.37533, 0.906127, -0.906127, 0.37533, 0.37533, -0.906127, 0.906127, -0.37533}},
{
{0.191342, -0.544895, 0.815493, -0.96194, 0.96194, -0.815493, 0.544895, -0.191342},{0.162212, -0.46194, 0.691342, -0.815493, 0.815493, -0.691342, 0.46194, -0.162212},{0.108386, -0.308658, 0.46194, -0.544895, 0.544895, -0.46194, 0.308658, -0.108386},{0.0380602, -0.108386, 0.162212, -0.191342, 0.191342, -0.162212, 0.108386, -0.0380602},{-0.0380602, 0.108386, -0.162212, 0.191342, -0.191342, 0.162212, -0.108386, 0.0380602},{-0.108386, 0.308658, -0.46194, 0.544895, -0.544895, 0.46194, -0.308658, 0.108386},{-0.162212, 0.46194, -0.691342, 0.815493, -0.815493, 0.691342, -0.46194, 0.162212},{-0.191342, 0.544895, -0.815493, 0.96194, -0.96194, 0.815493, -0.544895, 0.191342}}
},
{
{
{0.92388, 0.92388, 0.92388, 0.92388, 0.92388, 0.92388, 0.92388, 0.92388},{0.382683, 0.382683, 0.382683, 0.382683, 0.382683, 0.382683, 0.382683, 0.382683},{-0.382683, -0.382683, -0.382683, -0.382683, -0.382683, -0.382683, -0.382683, -0.382683},{-0.92388, -0.92388, -0.92388, -0.92388, -0.92388, -0.92388, -0.92388, -0.92388},{-0.92388, -0.92388, -0.92388, -0.92388, -0.92388, -0.92388, -0.92388, -0.92388},{-0.382683, -0.382683, -0.382683, -0.382683, -0.382683, -0.382683, -0.382683, -0.382683},{0.382683, 0.382683, 0.382683, 0.382683, 0.382683, 0.382683, 0.382683, 0.382683},{0.92388, 0.92388, 0.92388, 0.92388, 0.92388, 0.92388, 0.92388, 0.92388}},
{
{0.906127, 0.768178, 0.51328, 0.18024, -0.18024, -0.51328, -0.768178, -0.906127},{0.37533, 0.31819, 0.212608, 0.0746578, -0.0746578, -0.212608, -0.31819, -0.37533},{-0.37533, -0.31819, -0.212608, -0.0746578, 0.0746578, 0.212608, 0.31819, 0.37533},{-0.906127, -0.768178, -0.51328, -0.18024, 0.18024, 0.51328, 0.768178, 0.906127},{-0.906127, -0.768178, -0.51328, -0.18024, 0.18024, 0.51328, 0.768178, 0.906127},{-0.37533, -0.31819, -0.212608, -0.0746578, 0.0746578, 0.212608, 0.31819, 0.37533},{0.37533, 0.31819, 0.212608, 0.0746578, -0.0746578, -0.212608, -0.31819, -0.37533},{0.906127, 0.768178, 0.51328, 0.18024, -0.18024, -0.51328, -0.768178, -0.906127}},
{
{0.853553, 0.353553, -0.353553, -0.853553, -0.853553, -0.353553, 0.353553, 0.853553},{0.353553, 0.146447, -0.146447, -0.353553, -0.353553, -0.146447, 0.146447, 0.353553},{-0.353553, -0.146447, 0.146447, 0.353553, 0.353553, 0.146447, -0.146447, -0.353553},{-0.853553, -0.353553, 0.353553, 0.853553, 0.853553, 0.353553, -0.353553, -0.853553},{-0.853553, -0.353553, 0.353553, 0.853553, 0.853553, 0.353553, -0.353553, -0.853553},{-0.353553, -0.146447, 0.146447, 0.353553, 0.353553, 0.146447, -0.146447, -0.353553},{0.353553, 0.146447, -0.146447, -0.353553, -0.353553, -0.146447, 0.146447, 0.353553},{0.853553, 0.353553, -0.353553, -0.853553, -0.853553, -0.353553, 0.353553, 0.853553}},
{
{0.768178, -0.18024, -0.906127, -0.51328, 0.51328, 0.906127, 0.18024, -0.768178},{0.31819, -0.0746578, -0.37533, -0.212608, 0.212608, 0.37533, 0.0746578, -0.31819},{-0.31819, 0.0746578, 0.37533, 0.212608, -0.212608, -0.37533, -0.0746578, 0.31819},{-0.768178, 0.18024, 0.906127, 0.51328, -0.51328, -0.906127, -0.18024, 0.768178},{-0.768178, 0.18024, 0.906127, 0.51328, -0.51328, -0.906127, -0.18024, 0.768178},{-0.31819, 0.0746578, 0.37533, 0.212608, -0.212608, -0.37533, -0.0746578, 0.31819},{0.31819, -0.0746578, -0.37533, -0.212608, 0.212608, 0.37533, 0.0746578, -0.31819},{0.768178, -0.18024, -0.906127, -0.51328, 0.51328, 0.906127, 0.18024, -0.768178}},
{
{0.653281, -0.653281, -0.653281, 0.653281, 0.653281, -0.653281, -0.653281, 0.653281},{0.270598, -0.270598, -0.270598, 0.270598, 0.270598, -0.270598, -0.270598, 0.270598},{-0.270598, 0.270598, 0.270598, -0.270598, -0.270598, 0.270598, 0.270598, -0.270598},{-0.653281, 0.653281, 0.653281, -0.653281, -0.653281, 0.653281, 0.653281, -0.653281},{-0.653281, 0.653281, 0.653281, -0.653281, -0.653281, 0.653281, 0.653281, -0.653281},{-0.270598, 0.270598, 0.270598, -0.270598, -0.270598, 0.270598, 0.270598, -0.270598},{0.270598, -0.270598, -0.270598, 0.270598, 0.270598, -0.270598, -0.270598, 0.270598},{0.653281, -0.653281, -0.653281, 0.653281, 0.653281, -0.653281, -0.653281, 0.653281}},
{
{0.51328, -0.906127, 0.18024, 0.768178, -0.768178, -0.18024, 0.906127, -0.51328},{0.212608, -0.37533, 0.0746578, 0.31819, -0.31819, -0.0746578, 0.37533, -0.212608},{-0.212608, 0.37533, -0.0746578, -0.31819, 0.31819, 0.0746578, -0.37533, 0.212608},{-0.51328, 0.906127, -0.18024, -0.768178, 0.768178, 0.18024, -0.906127, 0.51328},{-0.51328, 0.906127, -0.18024, -0.768178, 0.768178, 0.18024, -0.906127, 0.51328},{-0.212608, 0.37533, -0.0746578, -0.31819, 0.31819, 0.0746578, -0.37533, 0.212608},{0.212608, -0.37533, 0.0746578, 0.31819, -0.31819, -0.0746578, 0.37533, -0.212608},{0.51328, -0.906127, 0.18024, 0.768178, -0.768178, -0.18024, 0.906127, -0.51328}},
{
{0.353553, -0.853553, 0.853553, -0.353553, -0.353553, 0.853553, -0.853553, 0.353553},{0.146447, -0.353553, 0.353553, -0.146447, -0.146447, 0.353553, -0.353553, 0.146447},{-0.146447, 0.353553, -0.353553, 0.146447, 0.146447, -0.353553, 0.353553, -0.146447},{-0.353553, 0.853553, -0.853553, 0.353553, 0.353553, -0.853553, 0.853553, -0.353553},{-0.353553, 0.853553, -0.853553, 0.353553, 0.353553, -0.853553, 0.853553, -0.353553},{-0.146447, 0.353553, -0.353553, 0.146447, 0.146447, -0.353553, 0.353553, -0.146447},{0.146447, -0.353553, 0.353553, -0.146447, -0.146447, 0.353553, -0.353553, 0.146447},{0.353553, -0.853553, 0.853553, -0.353553, -0.353553, 0.853553, -0.853553, 0.353553}},
{
{0.18024, -0.51328, 0.768178, -0.906127, 0.906127, -0.768178, 0.51328, -0.18024},{0.0746578, -0.212608, 0.31819, -0.37533, 0.37533, -0.31819, 0.212608, -0.0746578},{-0.0746578, 0.212608, -0.31819, 0.37533, -0.37533, 0.31819, -0.212608, 0.0746578},{-0.18024, 0.51328, -0.768178, 0.906127, -0.906127, 0.768178, -0.51328, 0.18024},{-0.18024, 0.51328, -0.768178, 0.906127, -0.906127, 0.768178, -0.51328, 0.18024},{-0.0746578, 0.212608, -0.31819, 0.37533, -0.37533, 0.31819, -0.212608, 0.0746578},{0.0746578, -0.212608, 0.31819, -0.37533, 0.37533, -0.31819, 0.212608, -0.0746578},{0.18024, -0.51328, 0.768178, -0.906127, 0.906127, -0.768178, 0.51328, -0.18024}}
},
{
{
{0.83147, 0.83147, 0.83147, 0.83147, 0.83147, 0.83147, 0.83147, 0.83147},{-0.19509, -0.19509, -0.19509, -0.19509, -0.19509, -0.19509, -0.19509, -0.19509},{-0.980785, -0.980785, -0.980785, -0.980785, -0.980785, -0.980785, -0.980785, -0.980785},{-0.55557, -0.55557, -0.55557, -0.55557, -0.55557, -0.55557, -0.55557, -0.55557},{0.55557, 0.55557, 0.55557, 0.55557, 0.55557, 0.55557, 0.55557, 0.55557},{0.980785, 0.980785, 0.980785, 0.980785, 0.980785, 0.980785, 0.980785, 0.980785},{0.19509, 0.19509, 0.19509, 0.19509, 0.19509, 0.19509, 0.19509, 0.19509},{-0.83147, -0.83147, -0.83147, -0.83147, -0.83147, -0.83147, -0.83147, -0.83147}},
{
{0.815493, 0.691342, 0.46194, 0.162212, -0.162212, -0.46194, -0.691342, -0.815493},{-0.191342, -0.162212, -0.108386, -0.0380602, 0.0380602, 0.108386, 0.162212, 0.191342},{-0.96194, -0.815493, -0.544895, -0.191342, 0.191342, 0.544895, 0.815493, 0.96194},{-0.544895, -0.46194, -0.308658, -0.108386, 0.108386, 0.308658, 0.46194, 0.544895},{0.544895, 0.46194, 0.308658, 0.108386, -0.108386, -0.308658, -0.46194, -0.544895},{0.96194, 0.815493, 0.544895, 0.191342, -0.191342, -0.544895, -0.815493, -0.96194},{0.191342, 0.162212, 0.108386, 0.0380602, -0.0380602, -0.108386, -0.162212, -0.191342},{-0.815493, -0.691342, -0.46194, -0.162212, 0.162212, 0.46194, 0.691342, 0.815493}},
{
{0.768178, 0.31819, -0.31819, -0.768178, -0.768178, -0.31819, 0.31819, 0.768178},{-0.18024, -0.0746578, 0.0746578, 0.18024, 0.18024, 0.0746578, -0.0746578, -0.18024},{-0.906127, -0.37533, 0.37533, 0.906127, 0.906127, 0.37533, -0.37533, -0.906127},{-0.51328, -0.212608, 0.212608, 0.51328, 0.51328, 0.212608, -0.212608, -0.51328},{0.51328, 0.212608, -0.212608, -0.51328, -0.51328, -0.212608, 0.212608, 0.51328},{0.906127, 0.37533, -0.37533, -0.906127, -0.906127, -0.37533, 0.37533, 0.906127},{0.18024, 0.0746578, -0.0746578, -0.18024, -0.18024, -0.0746578, 0.0746578, 0.18024},{-0.768178, -0.31819, 0.31819, 0.768178, 0.768178, 0.31819, -0.31819, -0.768178}},
{
{0.691342, -0.162212, -0.815493, -0.46194, 0.46194, 0.815493, 0.162212, -0.691342},{-0.162212, 0.0380602, 0.191342, 0.108386, -0.108386, -0.191342, -0.0380602, 0.162212},{-0.815493, 0.191342, 0.96194, 0.544895, -0.544895, -0.96194, -0.191342, 0.815493},{-0.46194, 0.108386, 0.544895, 0.308658, -0.308658, -0.544895, -0.108386, 0.46194},{0.46194, -0.108386, -0.544895, -0.308658, 0.308658, 0.544895, 0.108386, -0.46194},{0.815493, -0.191342, -0.96194, -0.544895, 0.544895, 0.96194, 0.191342, -0.815493},{0.162212, -0.0380602, -0.191342, -0.108386, 0.108386, 0.191342, 0.0380602, -0.162212},{-0.691342, 0.162212, 0.815493, 0.46194, -0.46194, -0.815493, -0.162212, 0.691342}},
{
{0.587938, -0.587938, -0.587938, 0.587938, 0.587938, -0.587938, -0.587938, 0.587938},{-0.13795, 0.13795, 0.13795, -0.13795, -0.13795, 0.13795, 0.13795, -0.13795},{-0.69352, 0.69352, 0.69352, -0.69352, -0.69352, 0.69352, 0.69352, -0.69352},{-0.392847, 0.392847, 0.392847, -0.392847, -0.392847, 0.392847, 0.392847, -0.392847},{0.392847, -0.392847, -0.392847, 0.392847, 0.392847, -0.392847, -0.392847, 0.392847},{0.69352, -0.69352, -0.69352, 0.69352, 0.69352, -0.69352, -0.69352, 0.69352},{0.13795, -0.13795, -0.13795, 0.13795, 0.13795, -0.13795, -0.13795, 0.13795},{-0.587938, 0.587938, 0.587938, -0.587938, -0.587938, 0.587938, 0.587938, -0.587938}},
{
{0.46194, -0.815493, 0.162212, 0.691342, -0.691342, -0.162212, 0.815493, -0.46194},{-0.108386, 0.191342, -0.0380602, -0.162212, 0.162212, 0.0380602, -0.191342, 0.108386},{-0.544895, 0.96194, -0.191342, -0.815493, 0.815493, 0.191342, -0.96194, 0.544895},{-0.308658, 0.544895, -0.108386, -0.46194, 0.46194, 0.108386, -0.544895, 0.308658},{0.308658, -0.544895, 0.108386, 0.46194, -0.46194, -0.108386, 0.544895, -0.308658},{0.544895, -0.96194, 0.191342, 0.815493, -0.815493, -0.191342, 0.96194, -0.544895},{0.108386, -0.191342, 0.0380602, 0.162212, -0.162212, -0.0380602, 0.191342, -0.108386},{-0.46194, 0.815493, -0.162212, -0.691342, 0.691342, 0.162212, -0.815493, 0.46194}},
{
{0.31819, -0.768178, 0.768178, -0.31819, -0.31819, 0.768178, -0.768178, 0.31819},{-0.0746578, 0.18024, -0.18024, 0.0746578, 0.0746578, -0.18024, 0.18024, -0.0746578},{-0.37533, 0.906127, -0.906127, 0.37533, 0.37533, -0.906127, 0.906127, -0.37533},{-0.212608, 0.51328, -0.51328, 0.212608, 0.212608, -0.51328, 0.51328, -0.212608},{0.212608, -0.51328, 0.51328, -0.212608, -0.212608, 0.51328, -0.51328, 0.212608},{0.37533, -0.906127, 0.906127, -0.37533, -0.37533, 0.906127, -0.906127, 0.37533},{0.0746578, -0.18024, 0.18024, -0.0746578, -0.0746578, 0.18024, -0.18024, 0.0746578},{-0.31819, 0.768178, -0.768178, 0.31819, 0.31819, -0.768178, 0.768178, -0.31819}},
{
{0.162212, -0.46194, 0.691342, -0.815493, 0.815493, -0.691342, 0.46194, -0.162212},{-0.0380602, 0.108386, -0.162212, 0.191342, -0.191342, 0.162212, -0.108386, 0.0380602},{-0.191342, 0.544895, -0.815493, 0.96194, -0.96194, 0.815493, -0.544895, 0.191342},{-0.108386, 0.308658, -0.46194, 0.544895, -0.544895, 0.46194, -0.308658, 0.108386},{0.108386, -0.308658, 0.46194, -0.544895, 0.544895, -0.46194, 0.308658, -0.108386},{0.191342, -0.544895, 0.815493, -0.96194, 0.96194, -0.815493, 0.544895, -0.191342},{0.0380602, -0.108386, 0.162212, -0.191342, 0.191342, -0.162212, 0.108386, -0.0380602},{-0.162212, 0.46194, -0.691342, 0.815493, -0.815493, 0.691342, -0.46194, 0.162212}}
},
{
{
{0.707107, 0.707107, 0.707107, 0.707107, 0.707107, 0.707107, 0.707107, 0.707107},{-0.707107, -0.707107, -0.707107, -0.707107, -0.707107, -0.707107, -0.707107, -0.707107},{-0.707107, -0.707107, -0.707107, -0.707107, -0.707107, -0.707107, -0.707107, -0.707107},{0.707107, 0.707107, 0.707107, 0.707107, 0.707107, 0.707107, 0.707107, 0.707107},{0.707107, 0.707107, 0.707107, 0.707107, 0.707107, 0.707107, 0.707107, 0.707107},{-0.707107, -0.707107, -0.707107, -0.707107, -0.707107, -0.707107, -0.707107, -0.707107},{-0.707107, -0.707107, -0.707107, -0.707107, -0.707107, -0.707107, -0.707107, -0.707107},{0.707107, 0.707107, 0.707107, 0.707107, 0.707107, 0.707107, 0.707107, 0.707107}},
{
{0.69352, 0.587938, 0.392847, 0.13795, -0.13795, -0.392847, -0.587938, -0.69352},{-0.69352, -0.587938, -0.392847, -0.13795, 0.13795, 0.392847, 0.587938, 0.69352},{-0.69352, -0.587938, -0.392847, -0.13795, 0.13795, 0.392847, 0.587938, 0.69352},{0.69352, 0.587938, 0.392847, 0.13795, -0.13795, -0.392847, -0.587938, -0.69352},{0.69352, 0.587938, 0.392847, 0.13795, -0.13795, -0.392847, -0.587938, -0.69352},{-0.69352, -0.587938, -0.392847, -0.13795, 0.13795, 0.392847, 0.587938, 0.69352},{-0.69352, -0.587938, -0.392847, -0.13795, 0.13795, 0.392847, 0.587938, 0.69352},{0.69352, 0.587938, 0.392847, 0.13795, -0.13795, -0.392847, -0.587938, -0.69352}},
{
{0.653281, 0.270598, -0.270598, -0.653281, -0.653281, -0.270598, 0.270598, 0.653281},{-0.653281, -0.270598, 0.270598, 0.653281, 0.653281, 0.270598, -0.270598, -0.653281},{-0.653281, -0.270598, 0.270598, 0.653281, 0.653281, 0.270598, -0.270598, -0.653281},{0.653281, 0.270598, -0.270598, -0.653281, -0.653281, -0.270598, 0.270598, 0.653281},{0.653281, 0.270598, -0.270598, -0.653281, -0.653281, -0.270598, 0.270598, 0.653281},{-0.653281, -0.270598, 0.270598, 0.653281, 0.653281, 0.270598, -0.270598, -0.653281},{-0.653281, -0.270598, 0.270598, 0.653281, 0.653281, 0.270598, -0.270598, -0.653281},{0.653281, 0.270598, -0.270598, -0.653281, -0.653281, -0.270598, 0.270598, 0.653281}},
{
{0.587938, -0.13795, -0.69352, -0.392847, 0.392847, 0.69352, 0.13795, -0.587938},{-0.587938, 0.13795, 0.69352, 0.392847, -0.392847, -0.69352, -0.13795, 0.587938},{-0.587938, 0.13795, 0.69352, 0.392847, -0.392847, -0.69352, -0.13795, 0.587938},{0.587938, -0.13795, -0.69352, -0.392847, 0.392847, 0.69352, 0.13795, -0.587938},{0.587938, -0.13795, -0.69352, -0.392847, 0.392847, 0.69352, 0.13795, -0.587938},{-0.587938, 0.13795, 0.69352, 0.392847, -0.392847, -0.69352, -0.13795, 0.587938},{-0.587938, 0.13795, 0.69352, 0.392847, -0.392847, -0.69352, -0.13795, 0.587938},{0.587938, -0.13795, -0.69352, -0.392847, 0.392847, 0.69352, 0.13795, -0.587938}},
{
{0.5, -0.5, -0.5, 0.5, 0.5, -0.5, -0.5, 0.5},{-0.5, 0.5, 0.5, -0.5, -0.5, 0.5, 0.5, -0.5},{-0.5, 0.5, 0.5, -0.5, -0.5, 0.5, 0.5, -0.5},{0.5, -0.5, -0.5, 0.5, 0.5, -0.5, -0.5, 0.5},{0.5, -0.5, -0.5, 0.5, 0.5, -0.5, -0.5, 0.5},{-0.5, 0.5, 0.5, -0.5, -0.5, 0.5, 0.5, -0.5},{-0.5, 0.5, 0.5, -0.5, -0.5, 0.5, 0.5, -0.5},{0.5, -0.5, -0.5, 0.5, 0.5, -0.5, -0.5, 0.5}},
{
{0.392847, -0.69352, 0.13795, 0.587938, -0.587938, -0.13795, 0.69352, -0.392847},{-0.392847, 0.69352, -0.13795, -0.587938, 0.587938, 0.13795, -0.69352, 0.392847},{-0.392847, 0.69352, -0.13795, -0.587938, 0.587938, 0.13795, -0.69352, 0.392847},{0.392847, -0.69352, 0.13795, 0.587938, -0.587938, -0.13795, 0.69352, -0.392847},{0.392847, -0.69352, 0.13795, 0.587938, -0.587938, -0.13795, 0.69352, -0.392847},{-0.392847, 0.69352, -0.13795, -0.587938, 0.587938, 0.13795, -0.69352, 0.392847},{-0.392847, 0.69352, -0.13795, -0.587938, 0.587938, 0.13795, -0.69352, 0.392847},{0.392847, -0.69352, 0.13795, 0.587938, -0.587938, -0.13795, 0.69352, -0.392847}},
{
{0.270598, -0.653281, 0.653281, -0.270598, -0.270598, 0.653281, -0.653281, 0.270598},{-0.270598, 0.653281, -0.653281, 0.270598, 0.270598, -0.653281, 0.653281, -0.270598},{-0.270598, 0.653281, -0.653281, 0.270598, 0.270598, -0.653281, 0.653281, -0.270598},{0.270598, -0.653281, 0.653281, -0.270598, -0.270598, 0.653281, -0.653281, 0.270598},{0.270598, -0.653281, 0.653281, -0.270598, -0.270598, 0.653281, -0.653281, 0.270598},{-0.270598, 0.653281, -0.653281, 0.270598, 0.270598, -0.653281, 0.653281, -0.270598},{-0.270598, 0.653281, -0.653281, 0.270598, 0.270598, -0.653281, 0.653281, -0.270598},{0.270598, -0.653281, 0.653281, -0.270598, -0.270598, 0.653281, -0.653281, 0.270598}},
{
{0.13795, -0.392847, 0.587938, -0.69352, 0.69352, -0.587938, 0.392847, -0.13795},{-0.13795, 0.392847, -0.587938, 0.69352, -0.69352, 0.587938, -0.392847, 0.13795},{-0.13795, 0.392847, -0.587938, 0.69352, -0.69352, 0.587938, -0.392847, 0.13795},{0.13795, -0.392847, 0.587938, -0.69352, 0.69352, -0.587938, 0.392847, -0.13795},{0.13795, -0.392847, 0.587938, -0.69352, 0.69352, -0.587938, 0.392847, -0.13795},{-0.13795, 0.392847, -0.587938, 0.69352, -0.69352, 0.587938, -0.392847, 0.13795},{-0.13795, 0.392847, -0.587938, 0.69352, -0.69352, 0.587938, -0.392847, 0.13795},{0.13795, -0.392847, 0.587938, -0.69352, 0.69352, -0.587938, 0.392847, -0.13795}}
},
{
{
{0.55557, 0.55557, 0.55557, 0.55557, 0.55557, 0.55557, 0.55557, 0.55557},{-0.980785, -0.980785, -0.980785, -0.980785, -0.980785, -0.980785, -0.980785, -0.980785},{0.19509, 0.19509, 0.19509, 0.19509, 0.19509, 0.19509, 0.19509, 0.19509},{0.83147, 0.83147, 0.83147, 0.83147, 0.83147, 0.83147, 0.83147, 0.83147},{-0.83147, -0.83147, -0.83147, -0.83147, -0.83147, -0.83147, -0.83147, -0.83147},{-0.19509, -0.19509, -0.19509, -0.19509, -0.19509, -0.19509, -0.19509, -0.19509},{0.980785, 0.980785, 0.980785, 0.980785, 0.980785, 0.980785, 0.980785, 0.980785},{-0.55557, -0.55557, -0.55557, -0.55557, -0.55557, -0.55557, -0.55557, -0.55557}},
{
{0.544895, 0.46194, 0.308658, 0.108386, -0.108386, -0.308658, -0.46194, -0.544895},{-0.96194, -0.815493, -0.544895, -0.191342, 0.191342, 0.544895, 0.815493, 0.96194},{0.191342, 0.162212, 0.108386, 0.0380602, -0.0380602, -0.108386, -0.162212, -0.191342},{0.815493, 0.691342, 0.46194, 0.162212, -0.162212, -0.46194, -0.691342, -0.815493},{-0.815493, -0.691342, -0.46194, -0.162212, 0.162212, 0.46194, 0.691342, 0.815493},{-0.191342, -0.162212, -0.108386, -0.0380602, 0.0380602, 0.108386, 0.162212, 0.191342},{0.96194, 0.815493, 0.544895, 0.191342, -0.191342, -0.544895, -0.815493, -0.96194},{-0.544895, -0.46194, -0.308658, -0.108386, 0.108386, 0.308658, 0.46194, 0.544895}},
{
{0.51328, 0.212608, -0.212608, -0.51328, -0.51328, -0.212608, 0.212608, 0.51328},{-0.906127, -0.37533, 0.37533, 0.906127, 0.906127, 0.37533, -0.37533, -0.906127},{0.18024, 0.0746578, -0.0746578, -0.18024, -0.18024, -0.0746578, 0.0746578, 0.18024},{0.768178, 0.31819, -0.31819, -0.768178, -0.768178, -0.31819, 0.31819, 0.768178},{-0.768178, -0.31819, 0.31819, 0.768178, 0.768178, 0.31819, -0.31819, -0.768178},{-0.18024, -0.0746578, 0.0746578, 0.18024, 0.18024, 0.0746578, -0.0746578, -0.18024},{0.906127, 0.37533, -0.37533, -0.906127, -0.906127, -0.37533, 0.37533, 0.906127},{-0.51328, -0.212608, 0.212608, 0.51328, 0.51328, 0.212608, -0.212608, -0.51328}},
{
{0.46194, -0.108386, -0.544895, -0.308658, 0.308658, 0.544895, 0.108386, -0.46194},{-0.815493, 0.191342, 0.96194, 0.544895, -0.544895, -0.96194, -0.191342, 0.815493},{0.162212, -0.0380602, -0.191342, -0.108386, 0.108386, 0.191342, 0.0380602, -0.162212},{0.691342, -0.162212, -0.815493, -0.46194, 0.46194, 0.815493, 0.162212, -0.691342},{-0.691342, 0.162212, 0.815493, 0.46194, -0.46194, -0.815493, -0.162212, 0.691342},{-0.162212, 0.0380602, 0.191342, 0.108386, -0.108386, -0.191342, -0.0380602, 0.162212},{0.815493, -0.191342, -0.96194, -0.544895, 0.544895, 0.96194, 0.191342, -0.815493},{-0.46194, 0.108386, 0.544895, 0.308658, -0.308658, -0.544895, -0.108386, 0.46194}},
{
{0.392847, -0.392847, -0.392847, 0.392847, 0.392847, -0.392847, -0.392847, 0.392847},{-0.69352, 0.69352, 0.69352, -0.69352, -0.69352, 0.69352, 0.69352, -0.69352},{0.13795, -0.13795, -0.13795, 0.13795, 0.13795, -0.13795, -0.13795, 0.13795},{0.587938, -0.587938, -0.587938, 0.587938, 0.587938, -0.587938, -0.587938, 0.587938},{-0.587938, 0.587938, 0.587938, -0.587938, -0.587938, 0.587938, 0.587938, -0.587938},{-0.13795, 0.13795, 0.13795, -0.13795, -0.13795, 0.13795, 0.13795, -0.13795},{0.69352, -0.69352, -0.69352, 0.69352, 0.69352, -0.69352, -0.69352, 0.69352},{-0.392847, 0.392847, 0.392847, -0.392847, -0.392847, 0.392847, 0.392847, -0.392847}},
{
{0.308658, -0.544895, 0.108386, 0.46194, -0.46194, -0.108386, 0.544895, -0.308658},{-0.544895, 0.96194, -0.191342, -0.815493, 0.815493, 0.191342, -0.96194, 0.544895},{0.108386, -0.191342, 0.0380602, 0.162212, -0.162212, -0.0380602, 0.191342, -0.108386},{0.46194, -0.815493, 0.162212, 0.691342, -0.691342, -0.162212, 0.815493, -0.46194},{-0.46194, 0.815493, -0.162212, -0.691342, 0.691342, 0.162212, -0.815493, 0.46194},{-0.108386, 0.191342, -0.0380602, -0.162212, 0.162212, 0.0380602, -0.191342, 0.108386},{0.544895, -0.96194, 0.191342, 0.815493, -0.815493, -0.191342, 0.96194, -0.544895},{-0.308658, 0.544895, -0.108386, -0.46194, 0.46194, 0.108386, -0.544895, 0.308658}},
{
{0.212608, -0.51328, 0.51328, -0.212608, -0.212608, 0.51328, -0.51328, 0.212608},{-0.37533, 0.906127, -0.906127, 0.37533, 0.37533, -0.906127, 0.906127, -0.37533},{0.0746578, -0.18024, 0.18024, -0.0746578, -0.0746578, 0.18024, -0.18024, 0.0746578},{0.31819, -0.768178, 0.768178, -0.31819, -0.31819, 0.768178, -0.768178, 0.31819},{-0.31819, 0.768178, -0.768178, 0.31819, 0.31819, -0.768178, 0.768178, -0.31819},{-0.0746578, 0.18024, -0.18024, 0.0746578, 0.0746578, -0.18024, 0.18024, -0.0746578},{0.37533, -0.906127, 0.906127, -0.37533, -0.37533, 0.906127, -0.906127, 0.37533},{-0.212608, 0.51328, -0.51328, 0.212608, 0.212608, -0.51328, 0.51328, -0.212608}},
{
{0.108386, -0.308658, 0.46194, -0.544895, 0.544895, -0.46194, 0.308658, -0.108386},{-0.191342, 0.544895, -0.815493, 0.96194, -0.96194, 0.815493, -0.544895, 0.191342},{0.0380602, -0.108386, 0.162212, -0.191342, 0.191342, -0.162212, 0.108386, -0.0380602},{0.162212, -0.46194, 0.691342, -0.815493, 0.815493, -0.691342, 0.46194, -0.162212},{-0.162212, 0.46194, -0.691342, 0.815493, -0.815493, 0.691342, -0.46194, 0.162212},{-0.0380602, 0.108386, -0.162212, 0.191342, -0.191342, 0.162212, -0.108386, 0.0380602},{0.191342, -0.544895, 0.815493, -0.96194, 0.96194, -0.815493, 0.544895, -0.191342},{-0.108386, 0.308658, -0.46194, 0.544895, -0.544895, 0.46194, -0.308658, 0.108386}}
},
{
{
{0.382683, 0.382683, 0.382683, 0.382683, 0.382683, 0.382683, 0.382683, 0.382683},{-0.92388, -0.92388, -0.92388, -0.92388, -0.92388, -0.92388, -0.92388, -0.92388},{0.92388, 0.92388, 0.92388, 0.92388, 0.92388, 0.92388, 0.92388, 0.92388},{-0.382683, -0.382683, -0.382683, -0.382683, -0.382683, -0.382683, -0.382683, -0.382683},{-0.382683, -0.382683, -0.382683, -0.382683, -0.382683, -0.382683, -0.382683, -0.382683},{0.92388, 0.92388, 0.92388, 0.92388, 0.92388, 0.92388, 0.92388, 0.92388},{-0.92388, -0.92388, -0.92388, -0.92388, -0.92388, -0.92388, -0.92388, -0.92388},{0.382683, 0.382683, 0.382683, 0.382683, 0.382683, 0.382683, 0.382683, 0.382683}},
{
{0.37533, 0.31819, 0.212608, 0.0746578, -0.0746578, -0.212608, -0.31819, -0.37533},{-0.906127, -0.768178, -0.51328, -0.18024, 0.18024, 0.51328, 0.768178, 0.906127},{0.906127, 0.768178, 0.51328, 0.18024, -0.18024, -0.51328, -0.768178, -0.906127},{-0.37533, -0.31819, -0.212608, -0.0746578, 0.0746578, 0.212608, 0.31819, 0.37533},{-0.37533, -0.31819, -0.212608, -0.0746578, 0.0746578, 0.212608, 0.31819, 0.37533},{0.906127, 0.768178, 0.51328, 0.18024, -0.18024, -0.51328, -0.768178, -0.906127},{-0.906127, -0.768178, -0.51328, -0.18024, 0.18024, 0.51328, 0.768178, 0.906127},{0.37533, 0.31819, 0.212608, 0.0746578, -0.0746578, -0.212608, -0.31819, -0.37533}},
{
{0.353553, 0.146447, -0.146447, -0.353553, -0.353553, -0.146447, 0.146447, 0.353553},{-0.853553, -0.353553, 0.353553, 0.853553, 0.853553, 0.353553, -0.353553, -0.853553},{0.853553, 0.353553, -0.353553, -0.853553, -0.853553, -0.353553, 0.353553, 0.853553},{-0.353553, -0.146447, 0.146447, 0.353553, 0.353553, 0.146447, -0.146447, -0.353553},{-0.353553, -0.146447, 0.146447, 0.353553, 0.353553, 0.146447, -0.146447, -0.353553},{0.853553, 0.353553, -0.353553, -0.853553, -0.853553, -0.353553, 0.353553, 0.853553},{-0.853553, -0.353553, 0.353553, 0.853553, 0.853553, 0.353553, -0.353553, -0.853553},{0.353553, 0.146447, -0.146447, -0.353553, -0.353553, -0.146447, 0.146447, 0.353553}},
{
{0.31819, -0.0746578, -0.37533, -0.212608, 0.212608, 0.37533, 0.0746578, -0.31819},{-0.768178, 0.18024, 0.906127, 0.51328, -0.51328, -0.906127, -0.18024, 0.768178},{0.768178, -0.18024, -0.906127, -0.51328, 0.51328, 0.906127, 0.18024, -0.768178},{-0.31819, 0.0746578, 0.37533, 0.212608, -0.212608, -0.37533, -0.0746578, 0.31819},{-0.31819, 0.0746578, 0.37533, 0.212608, -0.212608, -0.37533, -0.0746578, 0.31819},{0.768178, -0.18024, -0.906127, -0.51328, 0.51328, 0.906127, 0.18024, -0.768178},{-0.768178, 0.18024, 0.906127, 0.51328, -0.51328, -0.906127, -0.18024, 0.768178},{0.31819, -0.0746578, -0.37533, -0.212608, 0.212608, 0.37533, 0.0746578, -0.31819}},
{
{0.270598, -0.270598, -0.270598, 0.270598, 0.270598, -0.270598, -0.270598, 0.270598},{-0.653281, 0.653281, 0.653281, -0.653281, -0.653281, 0.653281, 0.653281, -0.653281},{0.653281, -0.653281, -0.653281, 0.653281, 0.653281, -0.653281, -0.653281, 0.653281},{-0.270598, 0.270598, 0.270598, -0.270598, -0.270598, 0.270598, 0.270598, -0.270598},{-0.270598, 0.270598, 0.270598, -0.270598, -0.270598, 0.270598, 0.270598, -0.270598},{0.653281, -0.653281, -0.653281, 0.653281, 0.653281, -0.653281, -0.653281, 0.653281},{-0.653281, 0.653281, 0.653281, -0.653281, -0.653281, 0.653281, 0.653281, -0.653281},{0.270598, -0.270598, -0.270598, 0.270598, 0.270598, -0.270598, -0.270598, 0.270598}},
{
{0.212608, -0.37533, 0.0746578, 0.31819, -0.31819, -0.0746578, 0.37533, -0.212608},{-0.51328, 0.906127, -0.18024, -0.768178, 0.768178, 0.18024, -0.906127, 0.51328},{0.51328, -0.906127, 0.18024, 0.768178, -0.768178, -0.18024, 0.906127, -0.51328},{-0.212608, 0.37533, -0.0746578, -0.31819, 0.31819, 0.0746578, -0.37533, 0.212608},{-0.212608, 0.37533, -0.0746578, -0.31819, 0.31819, 0.0746578, -0.37533, 0.212608},{0.51328, -0.906127, 0.18024, 0.768178, -0.768178, -0.18024, 0.906127, -0.51328},{-0.51328, 0.906127, -0.18024, -0.768178, 0.768178, 0.18024, -0.906127, 0.51328},{0.212608, -0.37533, 0.0746578, 0.31819, -0.31819, -0.0746578, 0.37533, -0.212608}},
{
{0.146447, -0.353553, 0.353553, -0.146447, -0.146447, 0.353553, -0.353553, 0.146447},{-0.353553, 0.853553, -0.853553, 0.353553, 0.353553, -0.853553, 0.853553, -0.353553},{0.353553, -0.853553, 0.853553, -0.353553, -0.353553, 0.853553, -0.853553, 0.353553},{-0.146447, 0.353553, -0.353553, 0.146447, 0.146447, -0.353553, 0.353553, -0.146447},{-0.146447, 0.353553, -0.353553, 0.146447, 0.146447, -0.353553, 0.353553, -0.146447},{0.353553, -0.853553, 0.853553, -0.353553, -0.353553, 0.853553, -0.853553, 0.353553},{-0.353553, 0.853553, -0.853553, 0.353553, 0.353553, -0.853553, 0.853553, -0.353553},{0.146447, -0.353553, 0.353553, -0.146447, -0.146447, 0.353553, -0.353553, 0.146447}},
{
{0.0746578, -0.212608, 0.31819, -0.37533, 0.37533, -0.31819, 0.212608, -0.0746578},{-0.18024, 0.51328, -0.768178, 0.906127, -0.906127, 0.768178, -0.51328, 0.18024},{0.18024, -0.51328, 0.768178, -0.906127, 0.906127, -0.768178, 0.51328, -0.18024},{-0.0746578, 0.212608, -0.31819, 0.37533, -0.37533, 0.31819, -0.212608, 0.0746578},{-0.0746578, 0.212608, -0.31819, 0.37533, -0.37533, 0.31819, -0.212608, 0.0746578},{0.18024, -0.51328, 0.768178, -0.906127, 0.906127, -0.768178, 0.51328, -0.18024},{-0.18024, 0.51328, -0.768178, 0.906127, -0.906127, 0.768178, -0.51328, 0.18024},{0.0746578, -0.212608, 0.31819, -0.37533, 0.37533, -0.31819, 0.212608, -0.0746578}}
},
{
{
{0.19509, 0.19509, 0.19509, 0.19509, 0.19509, 0.19509, 0.19509, 0.19509},{-0.55557, -0.55557, -0.55557, -0.55557, -0.55557, -0.55557, -0.55557, -0.55557},{0.83147, 0.83147, 0.83147, 0.83147, 0.83147, 0.83147, 0.83147, 0.83147},{-0.980785, -0.980785, -0.980785, -0.980785, -0.980785, -0.980785, -0.980785, -0.980785},{0.980785, 0.980785, 0.980785, 0.980785, 0.980785, 0.980785, 0.980785, 0.980785},{-0.83147, -0.83147, -0.83147, -0.83147, -0.83147, -0.83147, -0.83147, -0.83147},{0.55557, 0.55557, 0.55557, 0.55557, 0.55557, 0.55557, 0.55557, 0.55557},{-0.19509, -0.19509, -0.19509, -0.19509, -0.19509, -0.19509, -0.19509, -0.19509}},
{
{0.191342, 0.162212, 0.108386, 0.0380602, -0.0380602, -0.108386, -0.162212, -0.191342},{-0.544895, -0.46194, -0.308658, -0.108386, 0.108386, 0.308658, 0.46194, 0.544895},{0.815493, 0.691342, 0.46194, 0.162212, -0.162212, -0.46194, -0.691342, -0.815493},{-0.96194, -0.815493, -0.544895, -0.191342, 0.191342, 0.544895, 0.815493, 0.96194},{0.96194, 0.815493, 0.544895, 0.191342, -0.191342, -0.544895, -0.815493, -0.96194},{-0.815493, -0.691342, -0.46194, -0.162212, 0.162212, 0.46194, 0.691342, 0.815493},{0.544895, 0.46194, 0.308658, 0.108386, -0.108386, -0.308658, -0.46194, -0.544895},{-0.191342, -0.162212, -0.108386, -0.0380602, 0.0380602, 0.108386, 0.162212, 0.191342}},
{
{0.18024, 0.0746578, -0.0746578, -0.18024, -0.18024, -0.0746578, 0.0746578, 0.18024},{-0.51328, -0.212608, 0.212608, 0.51328, 0.51328, 0.212608, -0.212608, -0.51328},{0.768178, 0.31819, -0.31819, -0.768178, -0.768178, -0.31819, 0.31819, 0.768178},{-0.906127, -0.37533, 0.37533, 0.906127, 0.906127, 0.37533, -0.37533, -0.906127},{0.906127, 0.37533, -0.37533, -0.906127, -0.906127, -0.37533, 0.37533, 0.906127},{-0.768178, -0.31819, 0.31819, 0.768178, 0.768178, 0.31819, -0.31819, -0.768178},{0.51328, 0.212608, -0.212608, -0.51328, -0.51328, -0.212608, 0.212608, 0.51328},{-0.18024, -0.0746578, 0.0746578, 0.18024, 0.18024, 0.0746578, -0.0746578, -0.18024}},
{
{0.162212, -0.0380602, -0.191342, -0.108386, 0.108386, 0.191342, 0.0380602, -0.162212},{-0.46194, 0.108386, 0.544895, 0.308658, -0.308658, -0.544895, -0.108386, 0.46194},{0.691342, -0.162212, -0.815493, -0.46194, 0.46194, 0.815493, 0.162212, -0.691342},{-0.815493, 0.191342, 0.96194, 0.544895, -0.544895, -0.96194, -0.191342, 0.815493},{0.815493, -0.191342, -0.96194, -0.544895, 0.544895, 0.96194, 0.191342, -0.815493},{-0.691342, 0.162212, 0.815493, 0.46194, -0.46194, -0.815493, -0.162212, 0.691342},{0.46194, -0.108386, -0.544895, -0.308658, 0.308658, 0.544895, 0.108386, -0.46194},{-0.162212, 0.0380602, 0.191342, 0.108386, -0.108386, -0.191342, -0.0380602, 0.162212}},
{
